2274.74 6089.41 -820.769 354185 
3460.29 -1893 -5179.94 1.07031e+006 
-0.665656 0.312662 -0.677602 1342.17 

4407.76 4777.81 -820.446 242455 
2485.41 -3058.22 -5182.55 1.32665e+006 
-0.498347 0.54145 -0.677113 1293.57 

5893.77 2740.27 -826.677 299379 
1126.82 -3770.88 -5186.48 1.58022e+006 
-0.255576 0.690839 -0.67633 1245 

6492.15 291.477 -834.308 510273 
-398.904 -3916.05 -5185.97 1.78653e+006 
0.0257273 0.736114 -0.676368 1204.28 

6113.06 -2200.76 -846.231 853263 
-1870.34 -3474.6 -5178.59 1.91331e+006 
0.302265 0.670379 -0.677663 1177.76 

4812.25 -4364.32 -850.861 1.26967e+006 
-3063.2 -2506.19 -5169.59 1.94822e+006 
0.533469 0.503929 -0.679313 1169.5 

2780.79 -5872.24 -844.408 1.69947e+006 
-3796.92 -1157.35 -5160.69 1.88283e+006 
0.684221 0.260864 -0.681023 1180.66 

328.681 -6491.18 -827.962 2.07564e+006 
-3958.56 365.482 -5156.07 1.72469e+006 
0.731027 -0.0217122 -0.682003 1208.89 

-5393.17 3883.49 -97.7961 1.30179e+006 
732.698 1002.39 -6414.67 1.34539e+006 
-0.699392 -0.671568 -0.244638 1565.24 

-3528.21 5631.95 -100.987 865327 
1057.31 648.284 -6414.94 1.34784e+006 
-0.901137 -0.358003 -0.244512 1554.24 

-1114.5 6551.67 -104.214 458533 
1224.37 193.009 -6415.08 1.38225e+006 
-0.969574 0.0124812 -0.244481 1519.88 

1471 6480.91 -106.08 145800 
1204.63 -290.701 -6415.14 1.4413e+006 
-0.891405 0.381607 -0.244485 1466.99 

3834.34 5427.99 -110.135 -22314.7 
999.05 -731.162 -6415.37 1.51824e+006 
-0.678251 0.692995 -0.244406 1403.25 

5614.43 3555.54 -116.622 -22964.8 
639.25 -1059.95 -6415.41 1.60044e+006 
-0.362935 0.899158 -0.244524 1338.63 

6545.55 1147.76 -125.757 144952 
178.932 -1227.95 -6414.81 1.67594e+006 
0.00676908 0.96945 -0.245196 1283.67 

6490.56 -1425.62 -132.764 455389 
-309.085 -1208.71 -6413.51 1.73418e+006 
0.374329 0.893976 -0.246342 1247.18 

69.4941 6483.64 -746.765 477787 
5153.95 -453.36 -3953.11 525583 
-0.546666 0.0260533 -0.836945 1524.66 

2517.8 5976.6 -735.517 231742 
4600.7 -2362.91 -3955.5 820910 
-0.495858 0.232402 -0.836728 1493.87 

4603.6 4569.02 -728.692 139537 
3352.05 -3928.71 -3965.45 1.16034e+006 
-0.370464 0.405435 -0.835691 1457.04 

5995.67 2471.01 -738.997 216225 
1594.79 -4907.25 -3971.32 1.48933e+006 
-0.189694 0.516464 -0.835034 1420.43 

6483.44 3.3397 -751.76 444219 
-400.901 -5142.54 -3973.59 1.76515e+006 
0.0195212 0.550287 -0.834747 1389.99 

5994.83 -2465.09 -765.151 793196 
-2336.8 -4600.68 -3971.01 1.94819e+006 
0.225868 0.501802 -0.834972 1370.46 

4599.48 -4565.33 -776.289 1.21783e+006 
-3929.89 -3368.86 -3950.01 1.99335e+006 
0.396754 0.376492 -0.837162 1364.81 

2514.4 -5973.96 -767.896 1.64289e+006 
-4926.66 -1630.15 -3932.73 1.91457e+006 
0.507923 0.195092 -0.839019 1373.72 
